-71.880 -33.980
-71.880 -33.940
-71.880 -33.900
-71.830 -33.900
-71.830 -33.860
-71.830 -33.820
-71.780 -33.820
-71.780 -33.780
-71.730 -33.780
-71.730 -33.740
-71.680 -33.740
-71.680 -33.690
-71.680 -33.650
-71.630 -33.650
-71.630 -33.610
-71.630 -33.570
-71.630 -33.530
-71.680 -33.490
-71.680 -33.440
-71.680 -33.400
-71.680 -33.360
-71.680 -33.320
-71.680 -33.280
-71.730 -33.230
-71.730 -33.190
-71.730 -33.150
-71.730 -33.110
-71.730 -33.070
-71.680 -33.070
-71.680 -33.030
-71.630 -33.030
-71.580 -33.030
-71.580 -32.980
-71.580 -32.940
-71.580 -32.900
-71.530 -32.900
-71.530 -32.860
-71.530 -32.820
-71.530 -32.770
-71.530 -32.730
-71.480 -32.730
-71.480 -32.690
-71.430 -32.690
-71.430 -32.650
-71.430 -32.610
-71.430 -32.560
-71.430 -32.520
-71.430 -32.480
-71.430 -32.440
-71.430 -32.390
-71.480 -32.350
-71.480 -32.310
-71.530 -32.270
-71.580 -32.230
-71.580 -32.180
-71.580 -32.140
-71.580 -32.100
-71.580 -32.060
-71.530 -32.060
-71.530 -32.010
-71.530 -31.970
-71.530 -31.930
-71.530 -31.890
-71.530 -31.840
-71.530 -31.800
-71.530 -31.760
-71.580 -31.720
-71.580 -31.670
-71.580 -31.630
-71.580 -31.590
-71.580 -31.550
-71.580 -31.500
-71.630 -31.460
-71.630 -31.420
-71.630 -31.380
-71.630 -31.330
-71.630 -31.290
-71.680 -31.250
-71.680 -31.210
-71.680 -31.160
-71.680 -31.120
-71.680 -31.080
-71.630 -31.080
-71.630 -31.030
-71.680 -30.990
-71.680 -30.950
-71.680 -30.910
-71.680 -30.860
-71.680 -30.820
-71.680 -30.780
-71.680 -30.730
-71.680 -30.690
-71.680 -30.650
-71.680 -30.600
-71.680 -30.560
-71.680 -30.520
-71.680 -30.480
-71.680 -30.430
-71.680 -30.390
-71.680 -30.350
-71.680 -30.300
-71.630 -30.300
-71.630 -30.260
-71.580 -30.260
-71.580 -30.220
-71.530 -30.220
-71.480 -30.220
-71.480 -30.170
-71.430 -30.170
-71.380 -30.170
-71.380 -30.130
-71.380 -30.090
-71.380 -30.040
-71.380 -30.000
-71.380 -29.960
-71.330 -29.960
-71.330 -29.910
-71.280 -29.910
-71.280 -29.870
-71.330 -29.830
-71.330 -29.780
-71.330 -29.740
-71.330 -29.700
-71.330 -29.650
-71.330 -29.610
-71.330 -29.570
-71.330 -29.520
-71.330 -29.480
-71.330 -29.440
-71.330 -29.390
-71.380 -29.350
-71.380 -29.310
-71.430 -29.260
-71.480 -29.260
-71.480 -29.220
-71.480 -29.170
-71.480 -29.130
-71.480 -29.090
-71.480 -29.040
-71.480 -29.000
-71.480 -28.960
-71.480 -28.910
-71.480 -28.870
-71.480 -28.820
-71.430 -28.820
-71.430 -28.780
-71.380 -28.780
-71.380 -28.740
-71.330 -28.740
-71.330 -28.690
-71.330 -28.650
-71.280 -28.650
-71.280 -28.610
-71.280 -28.560
-71.280 -28.520
-71.280 -28.470
-71.230 -28.470
-71.230 -28.430
-71.230 -28.390
-71.180 -28.390
-71.180 -28.340
-71.180 -28.300
-71.180 -28.250
-71.180 -28.210
-71.180 -28.170
-71.180 -28.120
-71.180 -28.080
-71.130 -28.080
-71.130 -28.030
-71.130 -27.990
-71.130 -27.940
-71.130 -27.900
-71.080 -27.900
-71.080 -27.860
-71.080 -27.810
-71.080 -27.770
-71.080 -27.720
-71.030 -27.720
-71.030 -27.680
-70.980 -27.680
-70.980 -27.640
-70.930 -27.640
-70.930 -27.590
-70.930 -27.550
-70.880 -27.550
-70.880 -27.500
-70.930 -27.460
-70.930 -27.410
-70.930 -27.370
-70.930 -27.320
-70.930 -27.280
-70.930 -27.240
-70.930 -27.190
-70.930 -27.150
-70.930 -27.100
-70.880 -27.100
-70.830 -27.100
-70.830 -27.060
-70.830 -27.010
-70.830 -26.970
-70.830 -26.920
-70.830 -26.880
-70.830 -26.840
-70.830 -26.790
-70.780 -26.790
-70.780 -26.750
-70.780 -26.700
-70.730 -26.700
-70.730 -26.660
-70.730 -26.610
-70.730 -26.570
-70.730 -26.520
-70.730 -26.480
-70.730 -26.430
-70.730 -26.390
-70.680 -26.390
-70.680 -26.340
-70.680 -26.300
-70.680 -26.250
-70.680 -26.210
-70.680 -26.160
-70.630 -26.160
-70.630 -26.120
-70.630 -26.070
-70.630 -26.030
-70.680 -25.980
-70.680 -25.940
-70.730 -25.890
-70.730 -25.850
-70.730 -25.800
-70.730 -25.760
-70.680 -25.760
-70.680 -25.710
-70.680 -25.670
-70.680 -25.620
-70.630 -25.620
-70.630 -25.580
-70.630 -25.530
-70.630 -25.490
-70.580 -25.490
-70.580 -25.440
-70.530 -25.440
-70.530 -25.400
-70.480 -25.400
-70.480 -25.350
-70.480 -25.310
-70.480 -25.260
-70.480 -25.220
-70.480 -25.170
-70.480 -25.130
-70.480 -25.080
-70.480 -25.040
-70.530 -24.990
-70.530 -24.950
-70.530 -24.900
-70.580 -24.860
-70.580 -24.810
-70.580 -24.760
-70.580 -24.720
-70.580 -24.670
-70.580 -24.630
-70.580 -24.580
-70.580 -24.540
-70.580 -24.490
-70.580 -24.450
-70.580 -24.400
-70.580 -24.360
-70.530 -24.360
-70.530 -24.310
-70.530 -24.260
-70.530 -24.220
-70.530 -24.170
-70.530 -24.130
-70.530 -24.080
-70.530 -24.040
-70.530 -23.990
-70.530 -23.950
-70.480 -23.950
-70.480 -23.900
-70.480 -23.850
-70.480 -23.810
-70.480 -23.760
-70.480 -23.720
-70.430 -23.720
-70.430 -23.670
-70.430 -23.620
-70.430 -23.580
-70.430 -23.530
-70.480 -23.490
-70.530 -23.490
-70.580 -23.440
-70.580 -23.400
-70.580 -23.350
-70.580 -23.300
-70.580 -23.260
-70.580 -23.210
-70.530 -23.210
-70.530 -23.170
-70.530 -23.120
-70.530 -23.070
-70.480 -23.070
-70.430 -23.070
-70.380 -23.070
-70.380 -23.030
-70.380 -22.980
-70.330 -22.980
-70.330 -22.940
-70.330 -22.890
-70.330 -22.840
-70.330 -22.800
-70.330 -22.750
-70.280 -22.750
-70.280 -22.710
-70.280 -22.660
-70.280 -22.610
-70.280 -22.570
-70.280 -22.520
-70.280 -22.470
-70.230 -22.470
-70.230 -22.430
-70.230 -22.380
-70.230 -22.340
-70.230 -22.290
-70.230 -22.240
-70.230 -22.200
-70.230 -22.150
-70.230 -22.100
-70.230 -22.060
-70.180 -22.060
-70.180 -22.010
-70.180 -21.970
-70.180 -21.920
-70.180 -21.870
-70.180 -21.830
-70.130 -21.830
-70.130 -21.780
-70.130 -21.730
-70.130 -21.690
-70.130 -21.640
-70.130 -21.590
-70.130 -21.550
-70.080 -21.550
-70.080 -21.500
-70.080 -21.450
-70.080 -21.410
-70.080 -21.360
-70.080 -21.320
-70.130 -21.270
-70.130 -21.220
-70.130 -21.180
-70.130 -21.130
-70.130 -21.080
-70.130 -21.040
-70.130 -20.990
-70.380 -23.620
-70.480 -24.130
-70.680 -26.570
