-73.83454722 -41.86561167
-73.69361111 -41.64277833
-73.89361111 -41.79861167
-73.841975 -41.83065833
-73.79583333 -41.58
-73.875 -41.78138833
-73.80757222 -41.84727333
-73.68528889 -41.78841833
-73.7686 -41.86027
-73.862086 -41.880638
-73.94388889 -41.85166667
-73.86840556 -41.84806833
-73.80661944 -41.73140167
-73.66666667 -41.783055
-73.63333333 -41.8
-73.76673889 -41.73973833
-73.76666667 -41.85
-73.375 -41.775
-73.833587 -41.338794
-73.840952 -41.393344
-73.927646 -41.120073
