86 0 0 0 0 0 0 0 0 1 0 0 0 0 0 0 0 0 0 0 0 
0 101 0 0 0 0 0 0 0 7 7 0 0 0 0 0 0 0 0 0 0 
0 0 91 0 0 0 0 0 0 5 2 0 0 0 0 0 0 0 0 0 0 
0 0 0 113 0 0 0 0 0 0 1 0 0 0 0 0 0 0 0 0 0 
0 0 0 0 99 0 0 0 0 188 81 0 0 0 0 0 0 0 0 0 0 
0 0 0 0 0 109 0 0 0 13 13 0 0 0 0 0 0 0 0 0 0 
0 0 0 0 0 0 108 0 0 0 0 0 0 0 0 0 0 0 0 0 0 
0 0 0 0 0 0 0 89 0 0 0 0 0 0 0 0 0 0 0 0 0 
0 0 0 0 0 0 0 0 6182 1 0 0 0 0 0 0 0 126 0 0 0 
0 0 0 0 0 0 0 0 0 13188 0 0 0 0 0 0 0 0 0 0 0 
0 0 0 0 0 0 0 0 0 0 99 0 0 0 0 0 0 0 0 0 0 
0 0 0 0 0 0 0 0 0 2 0 85 0 0 0 0 0 0 0 0 0 
0 0 0 0 0 0 0 0 0 44 27 0 96 0 0 0 0 0 0 0 0 
0 0 0 0 0 0 0 0 0 0 0 0 0 110 0 0 0 0 0 0 0 
0 0 0 0 0 0 0 0 0 0 0 0 0 0 102 0 0 1 0 0 0 
0 0 0 0 0 0 0 0 0 14 7 0 0 0 0 103 0 0 0 0 0 
0 0 0 0 0 0 0 0 0 1 0 0 0 0 0 0 129 0 0 0 0 
0 0 0 0 0 0 0 0 0 0 0 0 0 0 0 0 0 14866 0 0 0 
0 0 0 0 0 0 0 0 0 0 0 0 0 0 0 0 0 0 100 0 0 
0 0 0 0 0 0 0 0 0 0 1 0 0 0 0 0 0 0 0 100 6 
0 0 0 0 0 0 0 0 0 0 0 0 0 0 0 0 0 0 0 0 442 
